# Identificador    RA          DE         Plx     
  5214705   80.4460560246    8.30045284333   0.2861  
  5215084   80.46184539726   8.28822122874   0.4311  
  5215365   80.47360979292   7.72065425074   0.4496  
  5212893   80.37057179201   8.33493762674   1.0185  
  5211764   80.32357985814   8.35259709632   1.1536  
  5213374   80.39066141843   8.31963465693   0.5458  
  5213039   80.37660080318   8.37354860818   0.5189  
  5214948   80.45616459524   8.32875813141   0.1578  
  5215824   80.49266682354   8.37289032399   0.7153  
  5214523   80.43846584615   8.37311188947   0.1504  
  5221373   80.55721837856   8.36894624843   0.0471  
  5221366   80.55686053537   8.35256366788   0.2802  
  5222633   80.60970780457   8.08403001646   0.5689  
  5222297   80.59577008871   8.36830521423   1.1045  
  5213408   80.39204818313   8.43662867434   2.0193  
  5213070   80.37791836061   8.40579830993   0.3464  
  5214011   80.417158697     8.40854429301   0.2787  
  5214975   80.45732114284   8.41456677325   0.2268  
  5220477   80.51989046684   8.43270070569   0.1291  
  5221238   80.55158120406   8.38728033949   0.6541  
  5212243   80.34349241745   8.47717359708   0.9951  
  5212833   80.36806643903   8.46818393921   0.374   
  5211753   80.32309837993   8.4423188484    0.6481  
  5213567   80.39863973707   8.44070218918   0.4861  
  5215132   80.46390812046   8.08372919626   1.9183  
  5214748   80.44783749846   8.47647560671   0.5977  
  5221399   80.55833183377   8.48187333967   2.8927  
  5222625   80.60933410823   8.4599515253    1.9381  
  5211689   80.32039258153   8.41314898428   2.5185  
  5214444   80.43520074808   8.53740113828   0.9455  
  5215760   80.49000150751   8.52794244109   0.2534  
  5220511   80.52130346756   8.55485719287   0.4124  
  5212854   80.3689559584    8.5746650881    0.4314  
  5212999   80.37498327939   8.56662652097   0.3901  
  5212278   80.34494718131   8.56406481407   0.5156  
  5213812   80.40885654826   8.14365724061   1.2119  
  5221072   80.54469724629   7.79678880056   0.9025  
  5212072   80.33638019465   8.50210384228   2.4103  
  5214874   80.45310394365   8.61860765067   0.849   
  5215040   80.46002164518   8.59084304925   0.5628  
  5214792   80.44968873277   8.61496463129   0.8844  
  5222466   80.60274633095   8.60666798745   1.1788  
  5222105   80.58774154918   8.61892266085   0.4219  
  5222552   80.6062587163    8.60723979269   0.3348  
  5214423   80.43436666206   8.67795415885   0.1955  
  5214097   80.42071722247   8.64438791505   0.8832  
  5214818   80.45080257593   8.66349855346   0.5187  
  5214942   80.45594533253   8.68480560071   1.3259  
  5215902   80.49601848315   8.09664039678   1.1511  
  5221458   80.56080220018   8.65731729387   0.6196  
  5221067   80.54448663133   8.65661803557   0.2908  
  5221618   80.56749240227   8.63060088036   0.409   
  5211625   80.31771184543   8.71142469464   0.3894  
  5215544   80.48100977695   8.69951978567   0.6111  
  5215005   80.45863599119   8.68950394726   0.2165  
  5214869   80.45288873332   8.68972246028   1.0099  
  5214853   80.45222296742   8.69055994983   1.1326  
  5220543   80.5225218186    8.71862895542   0.4429  
  5220512   80.52131669392   8.72427571505   1.9006  
  5220269   80.51116551802   8.29930514381   0.0901  
  5220957   80.53994400808   8.70955812141   0.0125  
  5220921   80.53841253601   8.72980540053   4.1361  
  5220757   80.53156729636   8.72550482064   0.5954  
  5222829   80.61791222337   8.70179782563   0.2546  
  5222684   80.6118849357    7.7360580855    0.716   
  5222299   80.59582673451   8.71949214647   0.8204  
  5211956   80.3315651706    8.77009138551   0.5411  
  5213724   80.40528416053   8.76941319556   2.3014  
  5214267   80.42778742056   8.76278877184   0.6808  
  5215337   80.47242544034   8.75163883512   0.1759  
  5214650   80.44377842125   8.78180616222   0.4483  
  5220361   80.51504824669   8.76560151928   0.577   
  5212340   80.34753530486   8.84375241222   0.4783  
  5215640   80.48502776481   8.61243240848   0.8672  
  5220007   80.50033178884   8.8320346365    1.1053  
  5221484   80.56192029106   8.82576328297   0.9675  
  5220919   80.53833411469   8.83267123009   0.0962  
  5223599   80.64998007265   7.67819758679   0.6863  
  5224334   80.68060724249   8.30475078047   0.1569  
  5230511   80.77132392636   8.14370490497   0.065   
  5230602   80.7751160526    8.28026195974   0.2938  
  5223224   80.63421348315   8.34676972015   1.0411  
  5223183   80.63259590751   8.31840296812   0.7836  
  5225068   80.71116593384   8.31331040595   0.7163  
  5230345   80.7644158873    8.34505189722   0.3245  
  5230807   80.78365092799   8.02009221413   0.4651  
  5230858   80.78574763465   8.34327763771   0.7526  
  5231977   80.83233498464   7.92803110445   0.8575  
  5232713   80.8631156386    8.32441960321   0.4066  
  5233439   80.8933192146    8.33713901208   0.1802  
  5225947   80.74783950945   8.19891114049   1.1686  
  5225405   80.725215023     8.41697071746   0.6129  
  5224740   80.6974616202    8.43090566026   0.173   
  5231036   80.79318032089   8.42665418127   0.9604  
  5230996   80.79155429199   8.38537833269   0.505   
  5233763   80.90683863942   8.09947031242   0.5085  
  5233027   80.87618360954   8.05212580593   0.3482  
  5223863   80.66098657963   8.45680152636   0.281   
  5223840   80.66001882523   8.46001339672   0.4676  
  5232330   80.84712905877   8.46211222872   0.1799  
  5232442   80.85178491385   8.49883748892   0.1001  
  5232571   80.85722685259   8.44971730672   0.6717  
  5232465   80.85276116839   8.4384236658    0.6828  
  5232256   80.84398088385   8.4378986128    1.0668  
  5233446   80.89363339613   8.49209766602   0.5051  
  5233959   80.91502990525   8.46239029684   0.1564  
  5233336   80.88906054979   8.47418534566   0.2123  
  5224067   80.66945422104   8.50336200284   0.5539  
  5224581   80.69086847663   8.54264184258   0.2331  
  5225497   80.72907901551   7.9363624261    0.2124  
  5225178   80.71593789064   7.92661921436   0.4985  
  5224943   80.70604480019   8.53804271785   1.1695  
  5230909   80.78788245881   8.53136817947   0.761   
  5231890   80.82876910294   8.52156480905   1.2305  
  5224760   80.69852774348   8.61997239652   1.1923  
  5223151   80.63132957264   7.64680859512   1.9895  
  5224509   80.68790635713   8.6242365554    0.5595  
  5225408   80.72537055671   8.62136912192   0.5903  
  5224735   80.69730191845   8.60886776961   1.2524  
  5232008   80.83372697283   8.226874368     1.2848  
  5233859   80.91086058423   8.59896393559   0.9845  
  5224079   80.67000098627   8.67892239496   0.0641  
  5231384   80.80768756927   8.65662080276   0.3355  
  5231098   80.79586824555   7.76183149715   1.9363  
  5232861   80.86927561342   8.64251481679   1.2849  
  5231936   80.83070047688   8.27400806375   0.5404  
  5232017   80.83409409404   8.64943341171   0.3855  
  5232050   80.83550572562   8.63123243078   0.237   
  5232278   80.84494091078   8.66241320729   0.1646  
  5232340   80.84757387217   8.64266308523   0.3152  
  5233405   80.89191213012   8.22830862871   0.7436  
  5233211   80.88379988188   8.1610828268    0.7727  
  5233362   80.8901359923    8.6663957229    0.5634  
  5233323   80.88852581401   8.63682741597   0.758   
  5233242   80.88516607064   8.6380545446    0.3324  
  5223425   80.64271583143   8.14738852659   0.5802  
  5223378   80.64079210661   8.68836952597   0.6516  
  5223697   80.65413762603   8.71989718731   5.263   
  5224028   80.66789022813   8.70690016303   0.8759  
  5225943   80.74764764717   8.69182421789   0.4537  
  5231487   80.81198574006   8.71328478732   0.6925  
  5230537   80.77241805023   8.73820693178   0.7922  
  5231223   80.80096156902   8.72556497434   1.2439  
  5230840   80.78504663628   8.70085652068   0.3975  
  5232415   80.85062765354   8.68929293457   0.1572  
  5232574   80.85726160442   8.72322907976   0.1019  
  5233671   80.90302867211   8.68801005935   0.3987  
  5233096   80.87906793457   8.73159779098   0.4946  
  5231578   80.8157647637    8.76799554565   2.4191  
  5233361   80.89027486769   8.81126380316   1.2902  
  5224152   80.67298153777   8.22458856101   2.5284  
  5223213   80.63395206746   8.81637144635   0.2285  
  5225606   80.73359321484   8.02440525565   1.2296  
  5225734   80.73894933226   8.84195763282   0.9537  
  5225646   80.7353077696    8.85884367039   0.4359  
  5224566   80.69016177315   8.83437439057   0.1266  
  5231298   80.80417344921   8.85403773823   0.5728  
  5232221   80.84259362009   8.83098923939   0.4768  
  5231583   80.81595687398   8.45195564755   0.3448  
  5231718   80.82166740064   8.81676469987   0.5987  
  5203673   80.15310253988   8.29060370567   0.8469  
  5203138   80.13078672484   8.30334756106   0.3659  
  5205068   80.21119159463   8.18403973903   0.5867  
  5205644   80.23525430381   8.29218085919   1.0468  
  5210409   80.26708693264   8.21269970433   0.6385  
  5200692   80.02888569762   8.26239206765   0.5529  
  5201409   80.05873264      8.36371690067   0.9056  
  5202226   80.09279771955   8.37193216487   0.9424  
  5202933   80.12223181289   8.05827031683   1.8615  
  5203839   80.16005278242   8.3653703882    0.7063  
  5205493   80.22886914021   8.15632007487   2.3445  
  5211370   80.30719505567   8.27165715291   0.3859  
  5201837   80.07661029251   8.38268350542   0.831   
  5202570   80.10711996212   8.38863281853   0.3378  
  5202242   80.09344998371   8.41769810678   0.3357  
  5205884   80.24521370205   8.42121658027   0.2353  
  5210520   80.27175434773   8.1458429629    1.7564  
  5201164   80.04856973912   8.47536494589   0.861   
  5202629   80.10956451644   8.47454500815   0.8765  
  5201506   80.06275999956   8.00211854635   1.9672  
  5204011   80.1671433835    8.48758315413   0.0415  
  5205488   80.22873276792   8.43846326535   0.8854  
  5204623   80.19278615473   8.47164844234   0.4574  
  5205040   80.21011995369   7.8795177502    4.19    
  5210677   80.27825469841   8.46899721059   0.6787  
  5210078   80.25335180115   8.44985253921   1.3643  
  5203224   80.13430023018   8.52237697946   0.4514  
  5210928   80.28887970426   8.53892141691   4.8676  
  5211051   80.29384650548   8.51784179338   0.7743  
  5210975   80.2906681177    8.53459919999   0.8415  
  5210156   80.25655173871   8.51889953013   1.0533  
  5211886   80.32869429169   7.78601599399   2.8088  
  5200843   80.0351305366    8.61978300067   0.39    
  5204238   80.17662482752   8.60157333965   0.2846  
  5204491   80.18713417583   8.60934736419   0.0153  
  5204964   80.2068751536    8.61217376799   2.2582  
  5210273   80.26137450357   8.60543791659   0.7479  
  5202607   80.10867359514   8.67553072427   0.4036  
  5202260   80.09419922679   8.68715426679   0.1472  
  5203851   80.16049568771   8.19579018993   2.2143  
  5203100   80.1291925912    8.66057087909   1.3339  
  5203390   80.14135737398   8.63569154717   0.392   
  5210375   80.26568493641   8.68189009829   0.5061  
  5210855   80.28569417807   7.52246658208   1.4548  
  5210137   80.25575283516   8.62549013693   0.1723  
  5200694   80.02892373697   8.7486280448    0.4482  
  5201092   80.0455684151    8.72019420973   0.0992  
  5201879   80.07834035798   8.11532613675   0.3527  
  5201808   80.07534512447   8.70167521771   1.138   
  5201658   80.06911122575   7.76165897473   0.2449  
  5203056   80.12738904761   8.69290251677   0.1173  
  5205285   80.22022624404   8.7251159949    0.8604  
  5205739   80.23916557618   8.24775829017   0.2118  
  5210326   80.26364447634   7.51163764347   1.0744  
  5210637   80.27652562404   8.50045370899   0.267   
  5201047   80.04362758288   8.76640419501   0.5524  
  5202699   80.11252263897   8.79747980948   0.0902  
  5201954   80.08149551755   8.79184750073   0.1834  
  5205614   80.23395474549   8.77055911508   0.1499  
  5204501   80.18758400987   8.78697259481   0.858   
  5211159   80.29831993303   8.10631925088   0.4769  
  5211201   80.30006895617   8.76228515274   0.64    
  5210790   80.28296638812   8.80761797782   0.3812  
  5210101   80.25427520827   8.7904236024    0.7109  
  5211344   80.30602375575   8.77507179871   0.369   
  5205712   80.23800727819   8.82078771033   0.7927  
  5211065   80.29445909476   8.82183158478   0.3049  
  5202868   80.11951498732   7.99980108888   0.1742  
  5210703   80.27939389804   7.99752284565   2.0471  
  5202298   80.09579421286   8.04722511031   0.5581  
  5202751   80.11465233211   7.94415198833   2.8082  
  5204103   80.17097487409   8.02422504395   0.5984  
  5201447   80.06036114321   8.08000824259   0.8133  
  5202779   80.11590569337   8.06386405548   0.7026  
  5202373   80.09892696776   8.06269695958   0.2255  
  5203942   80.16432769537   8.08914103795   1.6732  
  5203672   80.15294416273   8.17259004437   0.035   
  5205606   80.23363307021   8.18197947343   0.6622  
  5204628   80.19293388776   8.16529282684   0.1631  
  5211468   80.31123950078   8.16334640278   0.1955  
  5210841   80.28508942942   8.18670527146   1.5847  
  5210004   80.25023778158   8.13903002714   1.2409  
  5201398   80.05831645491   8.19605085464   0.9682  
  5202454   80.10220936633   8.22146637422   1.745   
  5203865   80.16109418393   8.23890337514   0.243   
  5204183   80.17436964465   8.23753311353   0.7999  
  5204031   80.16799538483   8.22758779478   0.718   
  5205132   80.21388814052   8.23752116726   0.3184  
  5205270   80.21963233012   8.20462142262   0.2757  
  5210646   80.27700629399   8.23605771317   0.7613  
  5210799   80.28333940083   8.24408515475   0.1892  
  5210014   80.25063865662   8.24218589788   0.7669  
  5202495   80.10397134651   8.26147921288   0.4142  
  5204117   80.17158488126   7.65540032233   0.4174  
  5204531   80.18883643892   8.26675856373   0.699   
  5205958   80.24832080838   7.83499344278   0.366   
  5204823   80.20102671234   8.26084474548   0.3565  
  5211176   80.29905070705   8.25214788969   0.2316  
  5211872   80.32803950114   8.10410941097   0.796   
  5213680   80.4033805212    8.07878530925   0.4705  
  5215450   80.47713362875   8.0781701567    0.6693  
  5214632   80.44302565654   8.11961688234   1.0241  
  5220245   80.51025168531   8.11229704531   0.3682  
  5222220   80.59254289144   8.07160585302   1.6055  
  5222803   80.61688405994   7.93596147452   0.9366  
  5212585   80.35773788299   8.15589694211   0.4447  
  5215398   80.47497795959   8.16775388335   0.4435  
  5214946   80.45615814386   8.15584174945   1.5858  
  5214953   80.45640040835   8.15497988647   0.4394  
  5214558   80.43995021895   8.13512435648   0.9181  
  5220539   80.52248011597   8.14886643703   0.2704  
  5221436   80.55982964902   8.17890592015   0.4733  
  5222128   80.58875898956   8.15657526292   0.4047  
  5222130   80.58880009344   8.14240593142   0.8036  
  5222521   80.60505162198   8.18274897373   0.1735  
  5212082   80.33679636391   8.24507928369   0.6503  
  5212705   80.36274266748   8.22058394026   0.1789  
  5215443   80.47683680971   8.24272182097   0.6074  
  5214868   80.4528412526    8.24530442866   1.6218  
  5214825   80.45106951186   7.61370499642   0.1407  
  5222775   80.61562265629   8.20036698271   1.3176  
  5222467   80.60277483988   8.22141955647   1.0392  
  5212281   80.34509435912   8.25748296881   0.4031  
  5212202   80.34179582229   8.26268516872   0.5117  
  5212618   80.35911830799   8.13807791065   2.1049  
  5213796   80.40819616937   8.27593793702   0.2297  
  5232004   80.83357950023   8.00898651767   0.7647  
  5223268   80.63639678435   7.75740215912   0.4519  
  5223820   80.65919241608   8.07504701558   1.1833  
  5224434   80.68475047341   8.10053590986   0.6026  
  5223336   80.63901969846   8.08265465992   0.5953  
  5225107   80.7128378592    8.10076581335   0.5445  
  5231347   80.80618340567   8.0927147323    1.1376  
  5232549   80.8562280613    8.08305162713   0.67    
  5222923   80.62183249376   8.18438683798   1.2463  
  5225674   80.73643781018   8.15937590828   0.5395  
  5231142   80.79759576035   8.16311774752   0.5519  
  5232192   80.8413356321    8.18020503167   0.0916  
  5223171   80.63215296394   8.20629179731   0.5018  
  5224202   80.67511606003   8.2117321492    0.0951  
  5223950   80.66455360194   8.09221177298   0.3403  
  5223509   80.64621850458   8.23679303949   0.2992  
  5225632   80.73470313465   8.24491234831   0.6936  
  5231367   80.80695231194   8.22146791352   0.1458  
  5231475   80.81149315069   7.89596591724   0.2603  
  5230407   80.76702326047   8.20050075859   0.3309  
  5232858   80.86916018992   8.23407640843   0.5504  
  5224657   80.69408714762   8.26414984809   0.662   
  5232155   80.83983713651   8.26693573482   0.3308  
  5233340   80.88922284437   8.27044142747   0.4216  
