# id      V      eV    VR    eVR   VI    eVI   col2      col3     Plx    e_Plx  pmRA   pmDE    Ra_1_1    Dc_1_1   Id_1_1  I1     I2     I3     I4    
  5214705 16.464 0.056 0.942 0.069 2.047 0.069 80.446046 8.300453 0.2861 0.1962 -0.166 0.525   80.446046 8.300453 5214705 17.484 17.464 17.011 15.981
  5215084 16.5   0.049 1.005 0.061 2.249 0.063 80.46185  8.288297 0.4311 0.1795 2.583  -7.166  80.461874 8.702189 5215084 16.684 16.678 16.562 16.116
  5215365 17.093 0.086 1.098 0.115 2.324 0.105 80.473564 7.720621 0.4496 0.237  -0.924 -1.042  80.473547 8.283309 5215365 17.32  17.246 17.029 16.055
  5212893 16.053 0.035 0.749 0.047 1.817 0.052 80.370553 8.334978 1.0185 0.2186 -1.015 1.953   80.370553 8.334978 5212893 17.765 17.432 17.41  16.401
  5211764 15.255 0.02  1.01  0.025 2.267 0.026 80.32351  8.352554 1.1536 0.0919 13.581 4.926   80.32351  8.352554 5211764 15.705 15.652 15.578 14.946
  5213374 17.018 0.076 0.944 0.102 2.167 0.101 80.390612 8.319707 0.5458 0.2585 0.145  0.493   80.390612 8.319707 5213374 17.701 17.567 16.546 15.463
  5213039 18.234 0.259 1.531 0.28  3.018 0.274 80.37664  8.373638 0.5189 0.4127 -1.97  -10.893 80.37664  8.373638 5213039 17.057 16.876 16.8   16.326
  5214948 16.888 0.066 0.918 0.091 1.904 0.104 80.456193 8.328858 0.1578 0.2331 3.748  -2.106  80.456193 8.328858 5214948 17.833 17.621 16.953 16.134
  5215824 15.559 0.026 0.817 0.035 1.935 0.037 80.492667 8.372919 0.7153 0.1173 3.711  1.537   80.492667 8.372919 5215824 16.916 16.799 16.873 15.791
  5214523 17.833 0.164 1.017 0.197 2.126 0.21  80.438468 8.373131 0.1504 0.4138 3.21   -2.49   80.438468 8.373131 5214523 18.157 17.912 17.18  16.371
  5221373 16.279 0.05  0.692 0.065 1.719 0.075 80.557211 8.369056 0.0471 0.1737 0.932  -0.45   80.557211 8.369056 5221373 18.192 17.935 17.448 16.958
  5221366 17.581 0.156 1.091 0.187 2.306 0.191 80.556948 8.352628 0.2802 0.2953 3.691  -4.255  80.556948 8.352628 5221366 17.971 17.924 17.631 16.883
  5222633 17.572 0.13  1.27  0.152 2.916 0.144 80.609721 8.084083 0.5689 0.0774 1.125  -2.041  80.609721 8.084083 5222633 16.716 16.674 17.283 16.808
  5222297 15.291 0.019 0.955 0.026 2.129 0.025 80.595731 8.368317 1.1045 0.0944 7.149  1.715   80.595731 8.368317 5222297 16.201 16.165 16.183 15.761
  5213408 14.176 0.01  0.886 0.013 1.983 0.013 80.392003 8.436794 2.0193 0.059  6.723  -37.145 80.392003 8.436794 5213408 15.363 15.353 15.489 14.892
  5213070 14.385 0.011 0.771 0.015 1.853 0.015 80.377933 8.405841 0.3464 0.0656 -1.267 -4.751  80.377933 8.405841 5213070 16.209 16.184 16.551 15.649
  5214011 16.511 0.064 1.042 0.075 2.241 0.074 80.417159 8.408569 0.2787 0.1873 1.877  -0.691  80.417159 8.408569 5214011 17.483 17.444 17.327 16.431
  5214975 16.649 0.065 1.032 0.081 2.098 0.083 80.457301 8.414597 0.2268 0.2007 2.086  -0.637  80.457301 8.414597 5214975 17.552 17.543 17.333 16.458
  5220477 16.508 0.056 0.723 0.073 1.777 0.079 80.519881 8.432733 0.1291 0.1949 -0.518 -0.958  80.519881 8.432733 5220477 17.704 17.68  17.728 16.709
  5221238 15.6   0.026 0.934 0.033 2.103 0.035 80.551608 8.387301 0.6541 0.1189 -3.606 0.625   80.551608 8.387301 5221238 16.618 16.59  16.876 16.281
  5212243 15.194 0.019 0.868 0.024 1.951 0.027 80.343474 8.477167 0.9951 0.1018 2.123  -1.725  80.343474 8.477167 5212243 16.531 16.446 16.674 15.875
  5212833 16.237 0.048 0.807 0.061 1.87  0.066 80.368053 8.468194 0.374  0.1826 0.059  -2.903  80.368053 8.468194 5212833 17.452 17.446 17.497 16.418
  5211753 15.542 0.026 0.902 0.033 2.026 0.033 80.323068 8.442315 0.6481 0.121  0.322  -1.758  80.323068 8.442315 5211753 16.678 16.461 16.361 15.691
  5213567 15.403 0.021 0.883 0.028 1.863 0.03  80.398636 8.4407   0.4861 0.1046 -1.568 -0.332  80.398636 8.4407   5213567 16.869 16.804 16.779 16.149
  5215132 14.967 0.016 0.759 0.022 1.794 0.023 80.463854 8.083789 1.9183 0.3235 13.77  -9.874  80.463854 8.083789 5215132 16.922 16.821 17.052 16.194
  5214748 14.04  0.009 0.713 0.012 1.672 0.013 80.447845 8.476498 0.5977 0.0543 -1.107 -4.364  80.447845 8.476498 5214748 16.019 15.946 16.16  15.425
  5221399 15.403 0.022 1.066 0.027 2.46  0.027 80.558327 8.481811 2.8927 0.0988 1.824  23.013  80.558327 8.481811 5221399 15.972 15.941 15.892 15.458
  5222625 17.153 0.099 1.365 0.11  2.771 0.112 80.609376 8.460008 1.9381 0.1976 1.225  -2.595  80.609376 8.460008 5222625 16.503 16.499 16.042 15.002
  5211689 16.0   0.039 0.974 0.047 2.051 0.054 80.320394 8.413182 2.5185 0.7403 -3.018 -12.362 80.320394 8.413182 5211689 17.163 16.94  16.293 15.277
  5214444 15.566 0.024 0.758 0.033 1.879 0.034 80.435183 8.537453 0.9455 0.1393 -2.572 -8.505  80.435183 8.537453 5214444 17.105 17.008 17.232 16.805
  5215760 15.578 0.024 0.737 0.033 1.665 0.039 80.490019 8.528004 0.2534 0.1297 -0.469 -0.581  80.490019 8.528004 5215760 17.541 17.518 17.597 16.944
  5220511 14.567 0.013 0.76  0.017 1.764 0.018 80.521299 8.554891 0.4124 0.0854 0.598  0.545   80.521299 8.554891 5220511 16.35  16.271 16.548 16.011
  5212854 17.794 0.152 1.188 0.179 2.542 0.176 80.368952 8.57468  0.4314 0.3632 -4.548 -2.401  80.368952 8.57468  5212854 17.111 17.086 17.607 16.963
  5212999 16.014 0.034 0.936 0.044 2.141 0.044 80.374965 8.566688 0.3901 0.1338 3.581  -7.344  80.374965 8.566688 5212999 16.692 16.588 16.385 15.576
  5212278 17.916 0.218 1.619 0.231 2.96  0.234 80.344928 8.564045 0.5156 0.3784 -1.001 1.846   80.344928 8.564045 5212278 17.608 17.45  16.956 16.214
  5213812 17.267 0.101 1.175 0.121 2.654 0.115 80.408838 8.143727 1.2119 0.1412 5.856  -2.622  80.40887  8.576774 5213812 16.907 16.844 16.777 16.039
  5221072 17.491 0.11  1.046 0.143 2.393 0.136 80.544684 7.796854 0.9025 0.8708 2.577  -6.77   80.544695 8.650921 5221072 15.798 15.732 15.855 15.017
  5212072 16.8   0.094 1.134 0.114 2.795 0.104 80.336347 8.502148 2.4103 0.6728 6.201  -10.139 80.336347 8.502148 5212072 17.464 17.332 17.175 16.557
  5214874 15.973 0.033 0.895 0.044 2.299 0.04  80.453103 8.618679 0.849  0.1376 0.989  -10.016 80.453103 8.618679 5214874 16.323 16.281 16.19  15.748
  5215040 16.84  0.069 0.817 0.087 2.165 0.088 80.460029 8.590877 0.5628 0.2181 -0.604 0.042   80.460029 8.590877 5215040 17.957 17.714 17.864 17.281
  5214792 16.761 0.066 0.712 0.091 2.1   0.084 80.449667 8.614959 0.8844 0.2068 0.227  -2.166  80.449667 8.614959 5214792 17.733 17.615 17.934 16.991
  5222466 14.894 0.019 0.781 0.027 2.048 0.025 80.602779 8.606755 1.1788 0.0832 -0.695 -10.402 80.602779 8.606755 5222466 16.159 16.155 16.204 15.696
  5222105 15.666 0.033 0.797 0.042 2.061 0.042 80.587712 8.618947 0.4219 0.1022 1.957  -2.193  80.587712 8.618947 5222105 16.936 16.889 17.471 16.61 
  5222552 16.321 0.06  0.651 0.085 1.902 0.087 80.606367 8.607308 0.3348 0.1581 -1.038 -0.711  80.606367 8.607308 5222552 17.778 17.617 16.481 15.757
  5214423 16.877 0.071 0.792 0.095 2.224 0.09  80.434323 8.677961 0.1955 0.2299 0.742  -0.614  80.434323 8.677961 5214423 17.727 17.694 17.233 16.419
  5214097 16.236 0.044 0.869 0.056 2.269 0.052 80.420709 8.644408 0.8832 0.1452 0.679  -3.754  80.420709 8.644408 5214097 17.004 16.971 16.792 16.371
  5214818 14.542 0.012 0.674 0.018 1.923 0.016 80.450778 8.6635   0.5187 0.065  2.52   1.132   80.450778 8.6635   5214818 16.098 16.088 15.991 15.039
  5214942 16.161 0.04  1.125 0.047 2.624 0.046 80.455922 8.684927 1.3259 0.1149 4.993  -21.102 80.455922 8.684927 5214942 16.171 16.165 16.29  15.697
  5215902 16.452 0.048 0.665 0.068 2.127 0.066 80.49593  8.096738 1.1511 0.6548 10.744 -14.587 80.49593  8.096738 5215902 17.51  17.433 17.115 16.665
  5221458 14.973 0.017 0.695 0.025 1.923 0.025 80.56079  8.657319 0.6196 0.0982 1.504  3.118   80.56079  8.657319 5221458 16.441 16.355 16.214 15.531
  5221067 16.43  0.061 0.779 0.076 2.081 0.076 80.544479 8.656643 0.2908 0.1794 3.225  -0.172  80.544479 8.656643 5221067 17.871 17.842 17.511 16.612
  5221618 16.628 0.054 0.756 0.079 2.001 0.082 80.567423 8.630519 0.409  0.1946 0.146  -0.13   80.567423 8.630519 5221618 6.878  6.144  5.666  5.139 
  5211625 16.943 0.084 0.744 0.106 2.055 0.109 80.317733 8.711443 0.3894 0.2471 -0.183 0.058   80.317733 8.711443 5211625 18.143 18.059 17.869 17.19 
  5215544 16.109 0.039 0.747 0.055 2.003 0.053 80.48102  8.699535 0.6111 0.1384 0.238  2.416   80.48102  8.699535 5215544 17.398 17.285 18.214 17.469
  5215005 17.453 0.117 1.102 0.137 2.44  0.137 80.45856  8.689466 0.2165 0.2907 -0.403 -3.896  80.45856  8.689466 5215005 18.116 18.026 19.057 18.615
  5214869 17.946 0.195 1.234 0.217 2.77  0.214 80.452889 8.689785 1.0099 0.3745 2.326  -11.871 80.452889 8.689785 5214869 17.098 17.045 17.036 16.5  
  5214853 17.086 0.079 0.683 0.11  2.008 0.105 80.452219 8.690636 1.1326 0.7889 -1.276 -0.423  80.452219 8.690636 5214853 17.098 17.045 17.048 16.505
  5220543 16.627 0.07  0.552 0.095 1.772 0.102 80.522646 8.718638 0.4429 0.2334 0.027  -0.496  80.522646 8.718638 5220543 18.444 18.157 17.559 17.06 
  5220512 17.408 0.119 1.364 0.134 3.243 0.125 80.52134  8.724413 1.9006 0.1949 0.931  -27.644 80.52134  8.724413 5220512 16.401 16.331 16.404 15.605
  5220269 16.213 0.044 0.771 0.059 2.076 0.06  80.511246 8.299352 0.0901 0.5056 -0.251 -2.085  80.511239 8.708283 5220269 17.368 17.361 17.277 16.845
  5220957 16.828 0.068 0.544 0.105 1.672 0.112 80.539906 8.709429 0.0125 0.2941 1.441  -1.482  80.539906 8.709429 5220957 18.417 18.305 17.532 16.834
  5220921 17.557 0.124 1.245 0.145 3.576 0.127 80.53841  8.729837 4.1361 0.2461 1.481  -9.569  80.53841  8.729837 5220921 16.279 16.155 15.929 15.442
  5220757 16.089 0.041 0.744 0.053 1.999 0.053 80.531561 8.725521 0.5954 0.1719 4.496  -3.823  80.531561 8.725521 5220757 17.052 16.999 17.02  16.42 
  5222829 15.964 0.038 0.558 0.054 1.871 0.05  80.617887 8.701829 0.2546 0.1808 1.997  -3.015  80.617889 8.749649 5222829 16.457 16.43  16.455 15.908
  5222684 17.144 0.097 0.983 0.12  2.279 0.121 80.611864 7.736094 0.716  0.2107 1.912  -3.062  80.611846 8.749891 5222684 17.772 17.581 18.023 17.534
  5222299 16.019 0.043 0.869 0.055 2.264 0.051 80.595819 8.719514 0.8204 0.2322 -0.359 0.685   80.595819 8.719514 5222299 16.651 16.605 16.504 16.019
  5211956 18.392 0.267 1.736 0.282 3.089 0.286 80.331513 8.770182 0.5411 0.4524 0.585  -4.533  80.331513 8.770182 5211956 18.165 17.963 18.446 17.809
  5213724 17.962 0.174 1.497 0.192 3.571 0.179 80.405205 8.769329 2.3014 0.46   15.841 33.918  80.405205 8.769329 5213724 16.821 16.723 17.512 16.87 
  5214267 15.743 0.029 0.875 0.038 2.271 0.036 80.4278   8.762814 0.6808 0.1136 -2.37  -1.569  80.4278   8.762814 5214267 16.418 16.332 16.603 16.106
  5215337 16.671 0.064 0.785 0.082 2.0   0.084 80.472412 8.751662 0.1759 0.2159 0.492  1.164   80.472412 8.751662 5215337 17.884 17.856 17.616 16.858
  5214650 16.864 0.063 0.857 0.086 2.204 0.086 80.443777 8.781845 0.4483 0.2291 2.002  -2.515  80.443777 8.781845 5214650 17.625 17.446 17.553 16.905
  5220361 16.042 0.034 0.789 0.048 2.05  0.048 80.515062 8.765602 0.577  0.1499 -0.492 -0.083  80.515062 8.765602 5220361 17.194 17.129 17.072 16.297
  5212340 15.86  0.028 0.828 0.038 2.189 0.039 80.347525 8.843824 0.4783 0.1676 2.176  -6.494  80.347525 8.843824 5212340 16.754 16.689 16.609 16.1  
  5215640 14.932 0.015 0.799 0.021 2.105 0.021 80.485025 8.612454 0.8672 0.32   2.562  -0.379  80.485025 8.612454 5215640 17.458 17.416 17.242 16.382
  5220007 16.176 0.038 0.99  0.048 2.424 0.045 80.500315 8.832049 1.1053 0.1479 3.486  -3.525  80.500315 8.832049 5220007 16.516 16.491 16.355 15.376
  5221484 13.344 0.007 0.868 0.01  2.208 0.009 80.561858 8.825783 0.9675 0.047  10.875 -5.809  80.561858 8.825783 5221484 14.062 14.058 13.986 13.048
  5220919 15.835 0.03  0.606 0.044 1.683 0.045 80.53831  8.832659 0.0962 0.1599 0.762  0.122   80.53831  8.832659 5220919 17.753 17.743 17.674 16.579
  5223599 14.839 0.016 1.133 0.019 2.479 0.019 80.649998 7.678196 0.6863 0.1867 -3.745 2.926   80.649981 8.079854 5223599 17.502 17.372 16.36  15.896
  5224334 15.982 0.032 0.817 0.043 1.916 0.045 80.680605 8.30472  0.1569 0.1333 -0.017 0.766   80.680605 8.30472  5224334 17.499 17.342 17.552 16.711
  5230511 16.562 0.06  0.92  0.076 1.887 0.086 80.771311 8.143685 0.065  0.1945 -0.169 -3.195  80.771294 8.312201 5230511 18.202 18.066 18.447 17.911
  5230602 16.441 0.051 0.848 0.068 1.924 0.074 80.775107 8.280293 0.2938 0.208  -0.628 -0.915  80.775107 8.280293 5230602 18.046 18.024 17.8   17.25 
  5223224 12.778 0.006 0.911 0.007 2.034 0.008 80.63436  8.346834 1.0411 0.0478 4.547  -3.913  80.634369 8.717934 5223224 17.353 17.205 17.91  17.454
  5223183 16.664 0.062 1.175 0.073 2.581 0.071 80.632628 8.318381 0.7836 0.1966 0.576  3.473   80.632628 8.318381 5223183 16.478 16.46  16.43  15.923
  5225068 15.181 0.02  0.922 0.024 1.984 0.026 80.711193 8.313343 0.7163 0.4194 -0.295 -5.902  80.711193 8.313343 5225068 16.277 16.233 16.341 15.722
  5230345 15.724 0.028 0.724 0.038 1.677 0.041 80.764403 8.345081 0.3245 0.1249 0.01   -2.263  80.764403 8.345081 5230345 17.819 17.799 17.025 16.301
  5230807 15.615 0.027 0.787 0.035 1.834 0.038 80.783653 8.020153 0.4651 0.1757 -0.286 -7.866  80.783655 8.579055 5230807 18.247 17.853 17.107 16.399
  5230858 17.125 0.095 1.006 0.119 2.173 0.125 80.785759 8.343294 0.7526 0.2959 -2.169 -2.491  80.785759 8.343294 5230858 17.908 17.804 17.742 17.301
  5231977 15.091 0.019 0.775 0.027 1.739 0.028 80.83238  7.928038 0.8575 0.3592 -1.815 0.432   80.832387 8.33962  5231977 16.966 16.891 16.976 16.175
  5232713 16.238 0.044 0.792 0.06  1.594 0.076 80.863082 8.324472 0.4066 0.1867 -1.546 -10.939 80.863082 8.324472 5232713 17.705 17.551 17.463 16.836
  5233439 15.327 0.023 0.791 0.03  1.874 0.031 80.893312 8.337162 0.1802 0.128  0.659  -2.277  80.893307 8.652584 5233439 18.224 18.021 17.999 17.455
  5225947 16.801 0.063 1.089 0.076 2.17  0.082 80.747805 8.198964 1.1686 0.2101 0.913  -6.429  80.747805 8.198964 5225947 16.907 16.895 16.984 16.177
  5225405 14.324 0.011 0.743 0.015 1.714 0.016 80.725231 8.416984 0.6129 0.0616 -0.707 0.248   80.725231 8.416984 5225405 16.065 16.034 16.149 15.664
  5224740 17.294 0.1   0.804 0.129 1.972 0.136 80.697516 8.430783 0.173  0.2909 1.92   -1.064  80.697516 8.430783 5224740 18.054 18.052 17.4   16.99 
  5231036 13.018 0.006 0.693 0.008 1.636 0.008 80.793176 8.426684 0.9604 0.1388 -0.112 -1.83   80.793187 8.50205  5231036 17.119 17.07  17.024 16.488
  5230996 16.04  0.038 0.848 0.05  1.775 0.054 80.79152  8.385436 0.505  0.1416 5.681  -10.692 80.79152  8.385436 5230996 17.169 17.033 17.195 16.617
  5233763 17.341 0.103 1.163 0.121 2.326 0.126 80.906793 8.099453 0.5085 0.2074 -1.328 -2.439  80.906793 8.099453 5233763 17.772 17.736 18.006 17.496
  5233027 16.948 0.08  0.924 0.1   2.071 0.107 80.876154 8.052143 0.3482 0.1159 1.925  2.167   80.876152 8.421451 5233027 18.288 18.07  17.807 17.323
  5223863 15.233 0.019 0.753 0.026 1.663 0.031 80.660981 8.456809 0.281  0.0941 0.444  -0.852  80.660981 8.456809 5223863 17.107 17.092 16.867 16.114
  5223840 15.476 0.023 0.847 0.03  1.876 0.033 80.660024 8.459995 0.4676 0.1081 -1.574 0.152   80.660024 8.459995 5223840 17.009 16.999 17.0   16.114
  5232330 13.995 0.01  0.519 0.013 1.315 0.016 80.847102 8.462112 0.1799 0.0957 -0.115 2.803   80.847102 8.462112 5232330 16.732 16.674 17.13  16.56 
  5232442 14.105 0.01  0.94  0.013 2.075 0.013 80.851762 8.498859 0.1001 0.0611 0.262  -0.385  80.851775 8.492073 5232442 17.382 17.239 17.42  16.976
  5232571 17.711 0.159 1.373 0.177 2.752 0.18  80.857141 8.449764 0.6717 0.4357 2.159  -6.234  80.857141 8.449764 5232571 18.064 17.913 17.971 16.922
  5232465 18.163 0.214 1.429 0.241 3.284 0.224 80.852742 8.438448 0.6828 0.4189 0.031  -5.354  80.852742 8.438448 5232465 17.022 16.956 17.302 16.368
  5232256 16.451 0.051 0.995 0.065 2.216 0.062 80.844025 8.437928 1.0668 0.3187 1.839  -2.723  80.844025 8.437928 5232256 17.272 17.212 17.132 16.708
  5233446 15.382 0.022 0.691 0.03  1.688 0.033 80.89361  8.492095 0.5051 0.14   3.363  1.212   80.89361  8.492095 5233446 17.418 17.341 17.514 16.818
  5233959 16.099 0.039 0.796 0.049 1.581 0.066 80.91497  8.462393 0.1564 0.2173 2.709  -3.824  80.91497  8.462393 5233959 18.282 18.228 18.101 17.578
  5233336 15.249 0.022 0.728 0.029 1.635 0.032 80.88904  8.474193 0.2123 0.1223 -0.468 -2.344  80.88904  8.474193 5233336 17.519 17.306 17.274 16.69 
  5224067 15.832 0.029 0.72  0.04  1.795 0.045 80.669464 8.50336  0.5539 0.1271 1.267  -0.388  80.669464 8.50336  5224067 17.349 17.206 17.017 16.611
  5224581 15.724 0.027 0.835 0.035 1.874 0.037 80.690881 8.542668 0.2331 0.114  0.446  -1.196  80.690885 8.845273 5224581 17.518 17.44  17.382 16.645
  5225497 17.153 0.086 1.222 0.099 2.344 0.107 80.729067 7.936346 0.2124 0.1574 0.62   -2.522  80.729081 8.511099 5225497 17.573 17.429 17.168 16.434
  5225178 17.064 0.086 1.224 0.099 2.874 0.094 80.71579  7.926598 0.4985 0.2686 0.07   -0.194  80.715774 8.558031 5225178 16.682 16.571 16.421 15.758
  5224943 16.576 0.057 0.923 0.076 2.073 0.078 80.705999 8.538117 1.1695 0.1889 8.804  -10.523 80.705999 8.538117 5224943 17.116 17.105 16.725 16.228
  5230909 13.71  0.008 0.753 0.011 1.733 0.011 80.787876 8.531419 0.761  0.0561 -0.879 -3.053  80.787905 8.711986 5230909 17.251 17.216 17.744 17.078
  5231890 17.999 0.203 1.542 0.219 2.864 0.219 80.828773 8.52154  1.2305 0.7195 -2.601 3.7     80.828773 8.52154  5231890 17.313 17.208 16.895 16.087
  5224760 16.949 0.078 1.194 0.093 2.524 0.09  80.698372 8.619819 1.1923 0.9037 8.281  -4.275  80.698372 8.619819 5224760 18.017 17.982 17.479 16.5  
  5223151 15.851 0.033 0.719 0.043 1.796 0.047 80.631306 7.646934 1.9895 0.3727 8.404  -24.228 80.631312 8.613837 5223151 17.723 17.518 17.736 17.143
  5224509 14.34  0.011 0.678 0.015 1.704 0.016 80.6879   8.624252 0.5595 0.0912 1.883  0.35    80.6879   8.624252 5224509 16.262 16.203 16.242 15.819
  5225408 16.117 0.035 0.656 0.052 1.907 0.049 80.725365 8.621351 0.5903 0.1818 2.382  -0.857  80.725365 8.621351 5225408 17.751 17.684 17.171 16.461
  5224735 17.563 0.124 1.283 0.141 2.542 0.148 80.697308 8.608866 1.2524 0.3518 -1.046 -8.192  80.697308 8.608866 5224735 17.688 17.604 17.076 16.302
  5232008 12.065 0.004 0.839 0.006 2.011 0.005 80.833673 8.226932 1.2848 0.6904 -1.416 3.994   80.833673 8.226932 5232008 17.5   17.337 17.052 16.109
  5233859 13.745 0.016 0.521 0.025 1.511 0.024 80.910799 8.598955 0.9845 0.0535 2.742  -3.222  80.910799 8.598955 5233859 15.956 15.943 15.974 15.521
  5224079 16.692 0.059 0.988 0.075 2.159 0.078 80.669979 8.678944 0.0641 0.2554 0.811  -1.309  80.669979 8.678944 5224079 16.857 16.83  17.445 16.883
  5231384 17.226 0.103 1.017 0.129 1.77  0.157 80.807699 8.656664 0.3355 0.4798 -5.548 2.467   80.807699 8.656664 5231384 18.183 18.158 18.998 18.118
  5231098 16.139 0.043 0.773 0.055 1.95  0.058 80.795791 7.761842 1.9363 0.0304 14.165 -2.15   80.795781 8.646567 5231098 17.507 17.381 18.035 17.389
  5232861 17.98  0.199 1.688 0.216 3.282 0.21  80.869226 8.642496 1.2849 0.3324 7.122  -2.762  80.869226 8.642496 5232861 17.275 17.171 17.052 16.592
  5231936 16.195 0.042 0.632 0.059 1.768 0.062 80.830683 8.273995 0.5404 0.1361 2.283  -0.058  80.830683 8.273995 5231936 16.979 16.946 16.887 16.216
  5232017 16.253 0.046 0.521 0.069 1.283 0.098 80.834056 8.649595 0.3855 0.2421 -0.061 0.483   80.834056 8.649595 5232017 18.711 18.683 17.851 17.142
  5232050 15.355 0.022 0.519 0.033 1.425 0.04  80.835438 8.63127  0.237  0.1287 0.516  -0.311  80.835438 8.63127  5232050 17.983 17.936 18.195 17.188
  5232278 17.336 0.109 1.186 0.135 2.463 0.127 80.844926 8.662489 0.1646 0.3515 -3.028 -0.966  80.844926 8.662489 5232278 17.794 17.753 17.518 17.02 
  5232340 16.402 0.05  0.605 0.074 1.835 0.071 80.847532 8.642623 0.3152 0.2113 4.173  -8.134  80.847532 8.642623 5232340 17.979 17.975 18.348 17.452
  5233405 16.341 0.053 0.587 0.074 1.676 0.082 80.891879 8.228326 0.7436 0.1446 3.041  -5.03   80.891875 8.640765 5233405 18.42  18.252 18.366 17.338
  5233211 16.254 0.054 0.629 0.081 1.665 0.087 80.883804 8.161094 0.7727 0.1485 -6.847 -2.171  80.883804 8.161094 5233211 16.624 16.617 16.163 15.301
  5233362 16.929 0.088 0.883 0.11  2.124 0.109 80.890087 8.666307 0.5634 0.2392 -1.926 -0.553  80.890087 8.666307 5233362 18.365 18.256 17.944 17.019
  5233323 14.022 0.01  0.563 0.014 1.503 0.016 80.88846  8.636849 0.758  0.0555 5.713  -4.958  80.88846  8.636849 5233323 16.425 16.417 16.723 16.047
  5233242 15.516 0.025 0.588 0.035 1.575 0.04  80.885097 8.638047 0.3324 0.1182 2.146  -6.536  80.885097 8.638047 5233242 17.626 17.499 17.393 16.776
  5223425 16.529 0.057 0.723 0.076 1.87  0.078 80.642713 8.147416 0.5802 0.2303 1.138  -1.656  80.642749 8.689425 5223425 17.55  17.446 18.034 17.066
  5223378 15.273 0.019 0.733 0.028 1.79  0.028 80.640757 8.688397 0.6516 0.1387 1.117  -1.363  80.640757 8.688397 5223378 17.159 17.155 17.211 16.229
  5223697 17.858 0.167 1.421 0.185 3.459 0.173 80.654066 8.719951 5.263  0.2887 9.772  -14.69  80.654066 8.719951 5223697 16.544 16.434 16.842 15.961
  5224028 16.178 0.04  0.879 0.051 2.136 0.053 80.667862 8.706924 0.8759 0.1578 0.312  -4.438  80.667854 8.690752 5224028 17.037 16.954 16.873 16.368
  5225943 15.158 0.017 0.698 0.024 1.775 0.025 80.747636 8.691856 0.4537 0.1265 3.366  -4.798  80.747636 8.691856 5225943 16.995 16.98  16.994 16.561
  5231487 15.587 0.025 0.678 0.035 1.764 0.036 80.811971 8.71327  0.6925 0.1275 -0.919 1.224   80.811971 8.71327  5231487 17.328 17.219 17.411 16.835
  5230537 16.232 0.042 1.047 0.053 2.244 0.055 80.77239  8.738265 0.7922 0.1713 1.367  -8.853  80.77239  8.738265 5230537 16.033 15.907 15.997 15.464
  5231223 14.124 0.01  0.651 0.014 1.649 0.015 80.800963 8.7256   1.2439 0.0767 0.54   -2.871  80.800963 8.7256   5231223 16.055 16.049 16.135 15.71 
  5230840 16.62  0.067 0.662 0.093 1.889 0.088 80.785012 8.70088  0.3975 0.2329 5.526  2.526   80.785012 8.70088  5230840 17.934 17.833 18.081 16.988
  5232415 16.223 0.052 0.768 0.064 1.637 0.078 80.850638 8.689334 0.1572 0.1836 0.204  -3.508  80.850638 8.689334 5232415 18.069 17.956 17.397 16.991
  5232574 17.107 0.091 0.801 0.118 2.114 0.114 80.857273 8.723228 0.1019 0.306  -0.881 -2.798  80.857273 8.723228 5232574 17.792 17.754 17.731 17.32 
  5233671 15.662 0.03  0.584 0.043 1.461 0.049 80.902967 8.687934 0.3987 0.127  -0.256 -1.904  80.902967 8.687934 5233671 18.142 18.107 17.795 16.858
  5233096 14.694 0.013 0.512 0.02  1.45  0.023 80.879023 8.731609 0.4946 0.0906 0.186  -2.021  80.879023 8.731609 5233096 16.935 16.872 17.049 16.001
  5231578 17.843 0.179 1.503 0.193 3.302 0.186 80.815756 8.768067 2.4191 0.2481 0.578  -16.673 80.815756 8.768067 5231578 16.59  16.535 16.881 15.821
  5233361 17.721 0.156 1.268 0.182 3.247 0.162 80.890067 8.81114  1.2902 0.3213 14.969 11.595  80.890067 8.81114  5233361 16.811 16.733 16.788 16.144
  5224152 15.514 0.023 0.511 0.033 1.489 0.039 80.673036 8.224632 2.5284 0.3013 -0.924 -10.129 80.673036 8.824168 5224152 17.783 17.537 17.452 16.668
  5223213 15.687 0.027 0.661 0.037 1.641 0.043 80.633914 8.816337 0.2285 0.1357 -1.325 1.5     80.633914 8.816337 5223213 17.637 17.581 17.516 16.934
  5225606 16.648 0.066 0.749 0.082 1.835 0.092 80.73361  8.024472 1.2296 0.324  -1.051 -8.973  80.733586 8.863941 5225606 18.129 18.054 19.5   18.711
  5225734 15.707 0.03  0.77  0.039 1.848 0.043 80.738923 8.842048 0.9537 0.1884 4.318  -4.663  80.738923 8.842048 5225734 16.963 16.952 17.109 16.53 
  5225646 15.552 0.024 0.625 0.033 1.719 0.037 80.735273 8.858933 0.4359 0.1395 5.579  -8.22   80.735273 8.858933 5225646 17.118 17.056 16.926 15.948
  5224566 16.008 0.034 0.515 0.05  1.483 0.056 80.690287 8.834432 0.1266 0.2283 1.462  0.388   80.690287 8.834432 5224566 18.664 18.446 17.94  16.87 
  5231298 17.173 0.099 0.96  0.117 1.489 0.167 80.804111 8.854014 0.5728 0.3047 1.855  2.41    80.804111 8.854014 5231298 19.147 19.044 17.928 16.934
  5232221 17.119 0.096 0.824 0.123 1.998 0.124 80.842567 8.830986 0.4768 0.3105 2.886  -2.992  80.842567 8.830986 5232221 17.926 17.925 17.927 17.184
  5231583 15.762 0.027 0.558 0.041 1.502 0.049 80.815985 8.45205  0.3448 0.6781 -0.971 2.763   80.815972 8.837756 5231583 17.914 17.704 17.991 17.387
  5231718 16.644 0.061 0.705 0.082 1.761 0.094 80.821621 8.816772 0.5987 0.2478 3.042  -2.61   80.821621 8.816772 5231718 18.512 18.328 18.167 17.455
