# id      V      eV    VR    eVR   VI    eVI   col2      col3     Plx    e_Plx  pmRA    pmDE    Ra_1_1    Dc_1_1   Id_1_1  I1     I2     I3     I4    
  5203673 15.384 0.059 0.82  0.072 2.135 0.071 80.153075 8.290607 0.8469 0.2158 4.145   -2.278  80.153075 8.290607 5203673 16.488 16.415 16.702 15.786
  5203138 16.237 0.138 1.138 0.154 2.178 0.155 80.130775 8.303361 0.3659 0.6532 0.684   -6.927  80.130775 8.303361 5203138 16.948 16.926 17.221 16.605
  5205068 14.787 0.038 0.694 0.051 1.641 0.057 80.211167 8.18401  0.5867 0.0909 0.236   -0.633  80.211196 8.276719 5205068 17.415 17.359 17.517 16.522
  5205644 15.506 0.073 0.864 0.092 1.988 0.089 80.235201 8.292228 1.0468 0.2073 6.422   -11.23  80.235201 8.292228 5205644 17.057 17.04  16.84  16.427
  5210409 15.786 0.095 0.681 0.126 1.504 0.139 80.267046 8.21269  0.6385 0.1359 5.202   -1.484  80.267046 8.21269  5210409 17.764 17.683 18.226 17.595
  5200692 14.876 0.042 0.646 0.057 1.579 0.064 80.028856 8.262372 0.5529 0.0884 4.648   2.046   80.028847 8.33073  5200692 16.631 16.524 17.255 16.532
  5201409 13.011 0.01  0.627 0.013 1.467 0.015 80.058725 8.363725 0.9056 0.0706 -0.832  -3.7    80.058725 8.363725 5201409 16.05  16.015 16.598 15.549
  5202226 14.901 0.04  1.06  0.047 2.237 0.048 80.092782 8.371969 0.9424 0.1718 4.879   -12.656 80.092763 8.703365 5202226 17.423 17.352 17.657 16.96 
  5202933 14.601 0.03  0.733 0.04  1.729 0.042 80.122219 8.058267 1.8615 0.6121 -3.95   -14.499 80.122217 8.33717  5202933 16.837 16.744 16.826 15.848
  5203839 16.277 0.12  1.005 0.14  2.094 0.152 80.159989 8.365341 0.7063 0.3276 7.745   -0.858  80.159989 8.365341 5203839 17.643 17.505 17.003 16.336
  5205493 15.995 0.098 0.819 0.128 1.901 0.138 80.228899 8.156362 2.3445 0.1253 -13.541 -11.309 80.228884 8.446734 5205493 18.493 18.392 17.913 17.018
  5211370 15.408 0.066 0.577 0.101 1.653 0.094 80.30711  8.271652 0.3859 0.1534 9.244   -4.794  80.30711  8.271652 5211370 17.332 17.263 17.04  15.961
  5211764 14.08  0.023 0.955 0.029 1.994 0.029 80.32351  8.352554 1.1536 0.0919 13.581  4.926   80.32351  8.352554 5211764 15.705 15.652 15.578 14.946
  5201837 14.626 0.03  0.752 0.042 1.522 0.046 80.076581 8.382692 0.831  0.1596 1.792   -1.06   80.076581 8.382692 5201837 16.937 16.707 16.899 16.479
  5202570 15.369 0.057 0.675 0.078 1.738 0.077 80.10711  8.388669 0.3378 0.2157 -0.788  -2.38   80.10711  8.388669 5202570 17.763 17.758 17.288 16.767
  5202242 14.202 0.022 0.677 0.03  1.63  0.032 80.093455 8.417708 0.3357 0.1209 0.845   0.029   80.093455 8.417708 5202242 16.866 16.78  16.666 15.621
  5205884 14.931 0.044 1.042 0.053 2.171 0.052 80.245167 8.421226 0.2353 0.1588 3.09    -4.081  80.245167 8.421226 5205884 16.105 16.102 15.861 14.904
  5210520 16.547 0.165 1.058 0.201 2.687 0.18  80.271679 8.14586  1.7564 0.8781 5.986   -2.161  80.271685 8.39848  5210520 15.729 15.669 15.013 14.143
  5201164 15.554 0.067 0.989 0.081 1.941 0.085 80.048515 8.475363 0.861  0.2512 7.618   -4.759  80.048515 8.475363 5201164 17.105 17.043 17.401 16.688
  5202629 13.726 0.015 0.775 0.02  1.767 0.021 80.109543 8.474612 0.8765 0.0815 3.54    -9.763  80.109543 8.474612 5202629 16.002 15.961 15.84  15.263
  5201506 12.808 0.009 0.439 0.013 1.15  0.015 80.062778 8.002194 1.9672 0.315  -3.152  -21.862 80.062791 8.489622 5201506 16.367 16.366 17.14  16.194
  5204011 15.441 0.065 1.023 0.077 2.094 0.077 80.16713  8.487628 0.0415 0.1962 1.738   -2.468  80.16713  8.487628 5204011 16.827 16.763 16.838 15.821
  5205488 16.622 0.192 1.362 0.214 2.422 0.216 80.228703 8.438451 0.8854 0.3513 1.627   2.177   80.228703 8.438451 5205488 17.495 17.438 17.022 16.133
  5204623 16.664 0.172 1.114 0.202 2.24  0.202 80.19266  8.471648 0.4574 0.3858 -3.375  -5.229  80.19266  8.471648 5204623 18.258 18.15  17.123 16.254
  5205040 16.849 0.203 1.263 0.232 2.103 0.247 80.210007 7.879641 4.19   0.4579 15.456  -15.611 80.210022 8.490474 5205040 17.217 17.15  16.392 15.715
  5210677 14.276 0.024 0.719 0.032 1.541 0.036 80.278217 8.469005 0.6787 0.1113 1.444   0.615   80.278217 8.469005 5210677 17.075 17.062 16.925 16.512
  5210078 16.477 0.157 1.273 0.179 2.623 0.172 80.253287 8.449905 1.3643 0.3146 9.748   -3.83   80.253258 8.791264 5210078 16.87  16.845 17.285 16.493
  5203224 15.838 0.095 0.983 0.115 2.1   0.109 80.134334 8.522423 0.4514 0.2903 -8.965  -7.47   80.134334 8.522423 5203224 17.239 17.207 17.256 16.305
  5210928 14.879 0.037 1.043 0.045 2.307 0.045 80.288676 8.53875  4.8676 0.1349 38.375  43.186  80.288676 8.53875  5210928 16.395 16.334 16.337 15.901
  5211051 15.651 0.087 0.998 0.099 2.144 0.099 80.293823 8.517839 0.7743 0.225  0.092   1.146   80.293823 8.517839 5211051 16.926 16.921 17.038 16.227
  5210975 14.467 0.03  0.887 0.038 1.874 0.039 80.290645 8.534591 0.8415 0.1092 0.103   1.676   80.290645 8.534591 5210975 16.335 16.264 16.387 15.865
  5210156 14.526 0.029 0.966 0.036 2.123 0.034 80.25652  8.518908 1.0533 0.1246 2.232   1.823   80.25652  8.518908 5210156 16.021 15.918 15.782 14.877
  5211886 15.07  0.047 0.769 0.061 1.715 0.065 80.32862  7.785948 2.8088 0.0323 10.25   15.492  80.328613 8.501428 5211886 17.606 17.521 16.687 15.595
  5211689 14.748 0.047 0.753 0.059 1.76  0.062 80.320394 8.413182 2.5185 0.7403 -3.018  -12.362 80.320394 8.413182 5211689 17.163 16.94  16.293 15.277
  5200843 14.955 0.041 0.784 0.054 1.845 0.057 80.035131 8.61978  0.39   0.1569 0.613   -2.706  80.035131 8.61978  5200843 17.053 16.975 16.914 16.083
  5204238 15.223 0.041 0.873 0.053 2.069 0.055 80.176615 8.601615 0.2846 0.1561 -0.659  -1.258  80.176615 8.601615 5204238 17.158 17.073 17.208 16.61 
  5204491 15.972 0.094 0.977 0.109 2.22  0.115 80.187132 8.6095   0.0153 0.4572 0.105   -5.394  80.187132 8.6095   5204491 17.232 17.207 17.638 16.656
  5204964 16.919 0.225 1.302 0.251 2.978 0.239 80.206843 8.612293 2.2582 0.3811 -2.885  -22.078 80.206843 8.612293 5204964 17.156 17.12  17.245 16.154
  5210273 16.345 0.137 0.994 0.166 2.066 0.171 80.261401 8.60534  0.7479 0.3332 -0.609  2.553   80.261401 8.60534  5210273 17.313 17.176 16.483 15.804
  5202607 15.109 0.043 0.774 0.055 1.882 0.062 80.108648 8.675539 0.4036 0.1689 1.361   -2.498  80.108648 8.675539 5202607 17.133 17.092 17.426 16.773
  5202260 15.809 0.084 0.887 0.102 2.066 0.102 80.094199 8.687196 0.1472 0.2461 -0.077  -0.054  80.094199 8.687196 5202260 17.718 17.53  17.217 16.738
  5203851 14.303 0.024 0.594 0.033 1.635 0.035 80.160462 8.195766 2.2143 0.2386 4.126   -1.238  80.160462 8.195766 5203851 16.463 16.413 16.368 15.95 
  5203100 15.039 0.042 1.008 0.049 2.149 0.051 80.129177 8.660618 1.3339 0.1652 0.28    -5.159  80.129192 8.68471  5203100 17.478 17.298 16.909 16.506
  5203390 16.232 0.106 1.002 0.13  1.989 0.141 80.141253 8.635735 0.392  0.3826 -2.363  -0.88   80.141253 8.635735 5203390 18.075 18.021 18.664 18.198
  5210375 14.96  0.041 0.703 0.057 1.766 0.059 80.265653 8.681921 0.5061 0.1532 0.462   -0.855  80.265653 8.681921 5210375 17.289 17.114 16.68  16.271
  5210855 14.517 0.028 0.79  0.037 1.97  0.036 80.285639 7.522512 1.4548 0.0612 7.689   -3.894  80.285663 8.655055 5210855 16.533 16.489 16.466 15.994
  5210137 14.945 0.039 1.082 0.047 2.422 0.046 80.255735 8.625517 0.1723 0.1318 0.561   -1.491  80.255735 8.625517 5210137 15.618 15.577 15.657 14.934
  5200694 15.158 0.04  0.516 0.06  1.545 0.067 80.028929 8.748622 0.4482 0.2378 -1.028  -4.102  80.028929 8.748622 5200694 17.803 17.707 17.317 16.479
  5201092 16.063 0.086 0.831 0.108 1.834 0.131 80.045527 8.720169 0.0992 0.3727 6.576   -1.778  80.045527 8.720169 5201092 17.966 17.908 18.382 17.308
  5201879 16.226 0.127 1.258 0.139 2.381 0.143 80.078301 8.115339 0.3527 0.2182 0.22    -0.968  80.078301 8.115339 5201879 18.095 17.957 17.773 17.177
  5201808 13.721 0.014 0.88  0.018 2.045 0.018 80.075346 8.701695 1.138  0.0756 0.679   -8.062  80.075346 8.701695 5201808 15.55  15.538 15.597 15.083
  5201658 15.726 0.067 0.952 0.085 1.994 0.089 80.069084 7.761693 0.2449 0.131  2.302   -7.69   80.069106 8.728027 5201658 17.28  17.127 16.719 15.81 
  5203056 15.696 0.074 0.75  0.094 2.008 0.093 80.127349 8.692885 0.1173 0.2651 -0.394  0.567   80.127349 8.692885 5203056 16.888 16.811 17.148 16.173
  5205285 13.49  0.014 0.66  0.018 1.62  0.02  80.220229 8.725204 0.8604 0.0823 -4.24   -10.408 80.220229 8.725204 5205285 16.323 16.275 16.489 15.707
  5205739 16.434 0.16  1.186 0.182 2.5   0.178 80.239144 8.247756 0.2118 0.0975 -1.789  -1.855  80.239144 8.247756 5205739 16.984 16.843 16.634 16.175
  5210326 13.521 0.015 0.624 0.019 1.601 0.021 80.263618 7.511713 1.0744 0.364  1.959   -13.021 80.263593 8.710687 5210326 16.329 16.285 16.189 15.661
  5210637 15.042 0.042 0.703 0.057 1.704 0.058 80.276578 8.500477 0.267  0.3892 2.13    -0.85   80.276578 8.500477 5210637 18.445 18.326 17.364 16.96 
  5211625 15.712 0.086 0.577 0.114 1.924 0.113 80.317733 8.711443 0.3894 0.2471 -0.183  0.058   80.317733 8.711443 5211625 18.143 18.059 17.869 17.19 
  5201047 15.909 0.09  0.761 0.118 1.932 0.118 80.043637 8.766321 0.5524 0.3382 3.623   -2.737  80.043637 8.766321 5201047 18.008 17.975 17.777 16.756
  5202699 15.82  0.077 0.606 0.107 1.673 0.127 80.112465 8.797523 0.0902 0.3245 2.148   -0.852  80.112465 8.797523 5202699 18.392 18.286 18.14  17.223
  5201954 15.384 0.055 0.689 0.075 1.505 0.087 80.081445 8.791866 0.1834 0.2761 0.272   -0.12   80.081445 8.791866 5201954 18.489 18.488 17.567 17.102
  5205614 15.315 0.059 0.752 0.074 1.782 0.077 80.233924 8.770602 0.1499 0.2929 4.976   -2.784  80.233924 8.770602 5205614 17.777 17.724 18.182 17.321
  5204501 15.65  0.063 1.049 0.077 2.385 0.075 80.187547 8.787041 0.858  0.1845 4.645   -14.238 80.187547 8.787041 5204501 16.565 16.552 16.951 16.488
  5211159 15.463 0.057 1.026 0.069 2.174 0.07  80.298293 8.1063   0.4769 0.7341 6.134   -7.706  80.298298 8.767425 5211159 16.941 16.882 17.109 16.582
  5211201 14.466 0.029 0.69  0.037 1.791 0.039 80.300043 8.762322 0.64   0.1204 3.085   -4.537  80.300043 8.762322 5211201 16.855 16.766 16.55  16.111
  5210790 14.268 0.023 0.583 0.031 1.561 0.034 80.282925 8.807652 0.3812 0.1224 1.965   -2.009  80.282925 8.807652 5210790 17.223 17.221 16.953 16.412
  5210101 16.049 0.097 0.932 0.128 1.983 0.135 80.254245 8.790436 0.7109 0.2808 2.599   1.506   80.254245 8.790436 5210101 16.869 16.845 17.266 16.564
  5211344 14.497 0.027 0.659 0.037 1.67  0.04  80.30601  8.775086 0.369  0.1267 -0.855  1.421   80.30601  8.775086 5211344 17.171 17.079 17.245 16.568
  5211956 16.667 0.194 1.136 0.214 2.371 0.221 80.331513 8.770182 0.5411 0.4524 0.585   -4.533  80.331513 8.770182 5211956 18.165 17.963 18.446 17.809
  5205712 16.444 0.156 1.141 0.177 2.366 0.178 80.238005 8.820841 0.7927 0.2987 1.826   -4.604  80.238005 8.820841 5205712 17.388 17.111 17.344 16.746
  5211065 14.579 0.029 0.62  0.038 1.572 0.043 80.294404 8.82183  0.3049 0.1371 0.618   1.214   80.294404 8.82183  5211065 17.448 17.304 17.209 16.252
  5202868 14.546 0.026 0.679 0.035 1.618 0.04  80.119515 7.999792 0.1742 0.1152 0.91    -2.537  80.119534 8.033525 5202868 16.999 16.954 17.378 16.483
  5210703 15.169 0.057 1.17  0.065 2.586 0.064 80.279309 7.997597 2.0471 0.1222 17.603  -19.628 80.279313 8.366705 5210703 15.588 15.511 15.445 14.944
  5202298 14.257 0.022 0.68  0.029 1.608 0.034 80.095764 8.047253 0.5581 0.1228 5.625   -5.702  80.095764 8.047253 5202298 17.062 16.954 16.957 16.166
  5202751 13.924 0.017 0.615 0.023 1.602 0.024 80.114654 7.944269 2.8082 0.1768 -2.536  -23.996 80.114641 8.731685 5202751 17.734 17.59  17.514 16.985
  5204103 14.616 0.028 0.599 0.038 1.57  0.043 80.17097  8.024187 0.5984 0.1462 -0.034  2.819   80.170977 8.697767 5204103 18.232 18.206 18.492 17.868
  5201447 14.043 0.02  0.636 0.026 1.618 0.028 80.060303 8.080047 0.8133 0.0872 5.855   -2.703  80.060303 8.080047 5201447 16.737 16.629 17.206 16.236
  5202779 13.836 0.016 0.578 0.022 1.538 0.026 80.115821 8.063891 0.7026 0.1041 14.348  -8.466  80.11581  8.589349 5202779 17.545 17.445 16.479 15.538
  5202373 14.084 0.018 0.478 0.026 1.376 0.031 80.09891  8.062668 0.2255 0.1004 2.369   -0.63   80.09891  8.062668 5202373 17.421 17.374 17.012 16.436
  5203942 16.346 0.134 1.221 0.148 2.748 0.144 80.164279 8.089172 1.6732 0.2542 3.25    -10.154 80.164279 8.089172 5203942 16.722 16.703 16.836 16.049
  5203672 15.424 0.058 0.561 0.081 1.69  0.082 80.153001 8.172607 0.035  0.2101 0.947   0.831   80.153001 8.172607 5203672 18.163 17.734 17.339 16.523
  5205606 16.134 0.11  0.944 0.135 2.031 0.136 80.233589 8.181994 0.6622 0.3771 6.742   -3.696  80.233589 8.181994 5205606 17.726 17.604 17.008 16.029
  5204628 15.891 0.089 0.827 0.111 1.92  0.121 80.192836 8.165325 0.1631 0.2742 -0.143  -4.555  80.192836 8.165325 5204628 17.671 17.54  17.209 16.326
  5211468 15.584 0.063 0.819 0.081 1.716 0.096 80.311203 8.163266 0.1955 0.2559 2.778   -4.082  80.311203 8.163266 5211468 18.069 18.052 17.027 16.309
  5210841 16.175 0.115 0.951 0.137 2.606 0.127 80.285051 8.186775 1.5847 0.2543 3.993   -23.287 80.285051 8.186775 5210841 16.91  16.803 16.72  16.053
  5210004 16.716 0.186 1.381 0.203 2.939 0.197 80.25018  8.139019 1.2409 0.3569 4.045   -3.86   80.25018  8.139019 5210004 17.069 16.988 16.99  16.246
  5201398 16.044 0.105 0.941 0.124 2.042 0.129 80.058262 8.196014 0.9682 0.264  7.605   -2.051  80.058262 8.196014 5201398 17.917 17.816 17.282 16.645
  5202454 15.108 0.041 1.03  0.05  2.36  0.049 80.102267 8.22154  1.745  0.1608 -15.535 -18.326 80.102267 8.22154  5202454 16.113 16.061 16.325 15.838
  5203865 14.144 0.02  0.77  0.026 1.835 0.028 80.161051 8.238883 0.243  0.119  2.703   0.11    80.161051 8.238883 5203865 16.425 16.336 15.948 15.522
  5204183 15.62  0.071 0.689 0.09  1.905 0.096 80.174327 8.237493 0.7999 0.32   -0.567  -1.439  80.174327 8.237493 5204183 17.867 17.656 18.234 17.316
  5204031 14.919 0.035 0.885 0.044 1.998 0.045 80.167965 8.227559 0.718  0.1926 3.183   -1.128  80.167965 8.227559 5204031 16.838 16.828 16.116 15.585
  5205132 13.72  0.016 0.591 0.021 1.573 0.023 80.213874 8.237533 0.3184 0.0932 0.914   -1.776  80.213874 8.237533 5205132 16.671 16.612 16.517 16.067
  5205270 13.469 0.013 0.574 0.018 1.482 0.02  80.21959  8.204615 0.2757 0.0913 2.955   -2.198  80.21959  8.204615 5205270 16.696 16.669 17.528 16.452
  5210646 16.179 0.104 1.128 0.121 2.362 0.124 80.276949 8.236016 0.7613 0.3106 0.011   0.437   80.276949 8.236016 5210646 17.57  17.567 17.869 16.982
  5210799 15.546 0.064 0.589 0.082 1.552 0.102 80.283292 8.244122 0.1892 0.3048 2.738   2.161   80.283292 8.244122 5210799 17.976 17.893 17.337 16.791
  5210014 14.85  0.036 0.654 0.048 1.581 0.054 80.250605 8.242197 0.7669 0.1718 3.203   -3.745  80.250605 8.242197 5210014 17.591 17.464 16.694 16.255
  5202495 14.633 0.028 0.821 0.036 1.901 0.037 80.103968 8.261457 0.4142 0.1322 0.486   -1.753  80.103968 8.261457 5202495 16.808 16.718 16.837 16.216
  5204117 13.522 0.013 0.685 0.018 1.684 0.018 80.171582 7.655415 0.4174 0.1228 -0.332  -0.602  80.171576 8.268587 5204117 16.069 16.057 16.039 15.336
  5204531 14.928 0.036 0.736 0.048 1.799 0.053 80.188816 8.266733 0.699  0.163  0.447   -2.116  80.188816 8.266733 5204531 17.604 17.575 17.944 17.103
  5205958 15.935 0.091 0.768 0.119 1.967 0.121 80.248263 7.835036 0.366  0.1951 4.168   -1.431  80.248258 8.262135 5205958 17.942 17.753 17.845 16.821
  5204823 14.422 0.025 0.686 0.034 1.763 0.035 80.20097  8.260812 0.3565 0.1304 3.918   -1.095  80.20097  8.260812 5204823 16.91  16.739 16.433 15.664
  5211176 14.874 0.041 0.631 0.057 1.484 0.062 80.299004 8.252178 0.2316 0.1784 1.9     -2.774  80.299004 8.252178 5211176 17.921 17.914 16.767 16.362
  5211872 11.5   0.007 0.644 0.008 1.528 0.009 80.328003 8.104078 0.796  0.0313 1.541   -1.863  80.328003 8.104078 5211872 14.826 14.79  14.839 14.381
  5213680 15.347 0.054 0.889 0.066 1.928 0.07  80.403354 8.078843 0.4705 0.2026 3.771   -3.757  80.403354 8.078843 5213680 17.627 17.618 17.242 16.769
  5215450 16.778 0.215 1.354 0.233 2.781 0.23  80.477116 8.078162 0.6693 0.4081 8.146   6.831   80.477116 8.078162 5215450 17.157 17.123 17.279 16.82 
  5215132 17.259 0.218 1.792 0.239 3.644 0.224 80.463854 8.083789 1.9183 0.3235 13.77   -9.874  80.463854 8.083789 5215132 16.922 16.821 17.052 16.194
  5214632 13.586 0.016 0.765 0.019 1.769 0.021 80.443034 8.119656 1.0241 0.0821 -4.874  -0.61   80.443034 8.119656 5214632 16.371 16.312 16.209 15.727
  5220245 15.149 0.056 0.891 0.066 1.951 0.069 80.510245 8.1123   0.3682 0.1713 3.045   2.916   80.510245 8.1123   5220245 17.634 17.458 17.35  16.942
  5222220 16.258 0.133 1.237 0.15  2.766 0.143 80.592517 8.071683 1.6055 0.2385 6.67    -20.196 80.592517 8.071683 5222220 16.992 16.82  16.781 15.954
  5222803 14.168 0.025 0.867 0.03  1.838 0.031 80.616807 7.935927 0.9366 0.1539 7.509   -0.491  80.616802 8.086796 5222803 16.794 16.746 17.243 16.659
  5222633 13.749 0.019 0.735 0.024 1.704 0.026 80.609721 8.084083 0.5689 0.0774 1.125   -2.041  80.609721 8.084083 5222633 16.716 16.674 17.283 16.808
  5212585 13.856 0.017 0.658 0.022 1.579 0.025 80.357717 8.155958 0.4447 0.0873 2.946   -1.236  80.357717 8.155958 5212585 17.084 17.043 17.151 16.056
  5213812 15.027 0.042 1.102 0.05  2.39  0.05  80.408838 8.143727 1.2119 0.1412 5.856   -2.622  80.40887  8.576774 5213812 16.907 16.844 16.777 16.039
  5215398 16.117 0.089 0.779 0.114 1.933 0.121 80.474956 8.167865 0.4435 0.3117 0.482   -2.619  80.474956 8.167865 5215398 17.917 17.89  17.001 16.499
  5214946 16.239 0.115 1.104 0.131 2.771 0.125 80.456103 8.156027 1.5858 0.2975 14.063  -38.048 80.456103 8.156027 5214946 16.565 16.517 16.779 16.241
  5214953 15.482 0.066 1.006 0.078 2.139 0.084 80.456389 8.155022 0.4394 0.185  0.945   -0.739  80.456389 8.155022 5214953 16.565 16.517 16.814 16.144
  5214558 13.203 0.013 0.77  0.016 1.764 0.016 80.439927 8.135153 0.9181 0.0596 3.267   2.614   80.439927 8.135153 5214558 15.976 15.952 16.002 15.431
  5220539 13.71  0.017 0.676 0.022 1.582 0.025 80.522474 8.148863 0.2704 0.0946 0.743   1.108   80.522474 8.148863 5220539 16.802 16.733 16.964 16.475
  5221436 13.653 0.016 0.741 0.019 1.761 0.021 80.559838 8.178922 0.4733 0.0925 0.075   -1.723  80.559838 8.178922 5221436 16.613 16.603 16.637 15.835
  5222128 16.057 0.101 0.995 0.12  2.044 0.13  80.588702 8.156517 0.4047 0.296  1.812   -2.385  80.588702 8.156517 5222128 17.681 17.546 18.843 18.126
  5222130 16.015 0.097 1.059 0.114 2.258 0.115 80.588764 8.142381 0.8036 0.2487 3.387   5.254   80.588764 8.142381 5222130 17.5   17.479 17.189 16.788
  5222521 15.585 0.068 0.858 0.083 1.99  0.082 80.605067 8.182841 0.1735 0.2253 -0.534  -2.333  80.605067 8.182841 5222521 17.847 17.699 16.619 15.95 
  5212082 13.884 0.021 0.841 0.024 1.79  0.026 80.336786 8.245129 0.6503 0.0904 1.097   -5.883  80.336786 8.245129 5212082 16.302 16.293 16.235 15.532
  5212705 15.379 0.069 0.808 0.079 1.703 0.095 80.362741 8.220576 0.1789 0.2531 1.45    -2.343  80.362741 8.220576 5212705 16.015 15.976 16.482 15.977
  5215443 15.511 0.062 0.77  0.078 1.786 0.084 80.476833 8.242785 0.6074 0.1909 -3.644  0.548   80.476833 8.242785 5215443 18.362 18.315 18.379 17.839
  5214868 16.957 0.228 1.524 0.244 2.938 0.239 80.452868 8.245271 1.6218 0.3884 -5.112  3.602   80.452868 8.245271 5214868 17.293 17.107 17.116 16.287
  5214825 15.196 0.043 0.626 0.062 1.654 0.064 80.45106  7.613731 0.1407 0.2267 1.891   -4.263  80.451045 8.223198 5214825 17.992 17.959 17.292 16.403
  5222775 16.879 0.229 1.333 0.248 2.689 0.246 80.615648 8.200416 1.3176 0.6033 0.457   -10.543 80.615648 8.200416 5222775 17.049 16.989 16.96  16.372
  5222467 16.64  0.173 1.51  0.188 3.074 0.181 80.602806 8.221436 1.0392 0.3358 -2.161  -2.65   80.602806 8.221436 5222467 16.554 16.511 16.473 15.883
  5212281 13.47  0.014 0.687 0.017 1.568 0.021 80.345079 8.257529 0.4031 0.0683 0.983   -2.95   80.345079 8.257529 5212281 16.754 16.66  16.559 15.89 
  5212202 13.62  0.017 0.758 0.02  1.726 0.022 80.341776 8.262736 0.5117 0.0706 3.05    -3.602  80.341776 8.262736 5212202 16.59  16.58  16.614 16.164
  5212618 16.104 0.104 0.994 0.124 1.805 0.143 80.359088 8.138197 2.1049 1.1292 0.661   -12.108 80.359088 8.138197 5212618 17.873 17.776 17.638 16.753
  5213796 13.981 0.02  0.824 0.024 1.848 0.026 80.408195 8.275968 0.2297 0.088  -1.356  -1.281  80.408195 8.275968 5213796 16.42  16.356 16.527 15.958
  5215084 15.531 0.064 1.014 0.078 2.149 0.078 80.46185  8.288297 0.4311 0.1795 2.583   -7.166  80.461874 8.702189 5215084 16.684 16.678 16.562 16.116
  5215365 16.086 0.104 1.177 0.117 2.565 0.115 80.473564 7.720621 0.4496 0.237  -0.924  -1.042  80.473547 8.283309 5215365 17.32  17.246 17.029 16.055
  5225606 16.06  0.089 1.049 0.104 2.479 0.103 80.73361  8.024472 1.2296 0.324  -1.051  -8.973  80.733586 8.863941 5225606 18.129 18.054 19.5   18.711
  5230807 14.828 0.037 0.622 0.051 1.771 0.05  80.783653 8.020153 0.4651 0.1757 -0.286  -7.866  80.783655 8.579055 5230807 18.247 17.853 17.107 16.399
  5232004 13.684 0.015 0.56  0.021 1.596 0.023 80.833537 8.009037 0.7647 0.0785 3.619   -7.073  80.833501 8.258873 5232004 17.394 17.298 17.416 16.68 
  5233027 14.379 0.025 0.453 0.037 1.531 0.041 80.876154 8.052143 0.3482 0.1159 1.925   2.167   80.876152 8.421451 5233027 18.288 18.07  17.807 17.323
  5223268 16.461 0.139 1.181 0.16  2.655 0.153 80.636201 7.757506 0.4519 0.3115 0.261   0.543   80.636179 8.124631 5223268 16.997 16.936 17.359 16.497
  5223820 14.615 0.027 0.744 0.036 2.105 0.035 80.659185 8.075103 1.1833 0.1337 6.882   0.377   80.659185 8.075103 5223820 16.436 16.411 16.696 16.164
  5224434 14.574 0.025 0.777 0.033 1.994 0.033 80.684752 8.100583 0.6026 0.1718 6.278   -4.709  80.684752 8.100583 5224434 16.63  16.587 16.708 15.935
  5223336 15.03  0.04  0.728 0.052 2.007 0.049 80.639011 8.082797 0.5953 0.1678 14.488  -30.473 80.639011 8.082797 5223336 16.886 16.781 17.172 16.239
  5225107 15.246 0.045 0.896 0.056 2.23  0.053 80.712814 8.100783 0.5445 0.1857 3.536   1.558   80.712814 8.100783 5225107 16.926 16.885 17.258 16.622
  5231347 14.996 0.047 0.877 0.055 2.257 0.053 80.806153 8.092734 1.1376 0.2273 4.395   -1.405  80.806153 8.092734 5231347 16.241 16.11  16.703 15.763
  5232549 15.081 0.05  0.794 0.061 2.019 0.061 80.856236 8.083053 0.67   0.1465 -0.687  1.507   80.856236 8.083053 5232549 17.46  17.157 17.459 17.01 
  5233763 15.348 0.062 0.623 0.078 1.887 0.08  80.906793 8.099453 0.5085 0.2074 -1.328  -2.439  80.906793 8.099453 5233763 17.772 17.736 18.006 17.496
  5222923 16.213 0.124 0.912 0.144 2.429 0.136 80.621804 8.184485 1.2463 0.3409 6.895   -20.725 80.621804 8.184485 5222923 17.093 17.069 17.415 16.379
  5223425 15.865 0.08  0.769 0.101 2.259 0.095 80.642713 8.147416 0.5802 0.2303 1.138   -1.656  80.642749 8.689425 5223425 17.55  17.446 18.034 17.066
  5225674 16.793 0.187 1.212 0.211 2.516 0.211 80.736428 8.159384 0.5395 0.479  -5.059  1.997   80.736428 8.159384 5225674 17.685 17.459 16.925 16.038
  5231142 15.091 0.047 0.59  0.061 1.747 0.06  80.797599 8.163148 0.5519 0.2245 0.497   0.073   80.797599 8.163148 5231142 17.515 17.454 16.825 16.425
  5230511 15.143 0.042 0.615 0.057 1.763 0.062 80.771311 8.143685 0.065  0.1945 -0.169  -3.195  80.771294 8.312201 5230511 18.202 18.066 18.447 17.911
  5232192 13.928 0.016 0.507 0.023 1.521 0.027 80.841335 8.180198 0.0916 0.1003 2.028   -0.978  80.841335 8.180198 5232192 17.097 17.014 17.133 16.208
  5233211 14.763 0.035 0.722 0.045 1.918 0.049 80.883804 8.161094 0.7727 0.1485 -6.847  -2.171  80.883804 8.161094 5233211 16.624 16.617 16.163 15.301
  5223171 15.938 0.076 0.819 0.098 2.257 0.096 80.63215  8.206351 0.5018 0.2681 9.187   -11.247 80.63215  8.206351 5223171 16.987 16.945 17.346 16.899
  5224202 15.748 0.067 0.77  0.088 2.055 0.085 80.675116 8.211662 0.0951 0.2607 1.36    -1.641  80.675116 8.211662 5224202 17.894 17.726 17.855 17.321
  5223950 15.513 0.061 0.702 0.081 1.992 0.079 80.664586 8.0923   0.3403 0.4954 -0.507  -6.908  80.664622 8.225678 5223950 17.575 17.452 17.662 17.126
  5224152 16.939 0.201 1.504 0.217 3.551 0.205 80.673036 8.224632 2.5284 0.3013 -0.924  -10.129 80.673036 8.824168 5224152 17.783 17.537 17.452 16.668
  5223509 13.806 0.016 0.547 0.021 1.676 0.023 80.646231 8.236811 0.2992 0.0882 0.329   -2.3    80.646231 8.236811 5223509 16.743 16.636 16.577 15.868
  5225947 15.347 0.05  0.894 0.062 2.222 0.061 80.747805 8.198964 1.1686 0.2101 0.913   -6.429  80.747805 8.198964 5225947 16.907 16.895 16.984 16.177
  5225632 14.363 0.023 0.704 0.03  1.953 0.03  80.734694 8.244947 0.6936 0.1109 0.392   0.065   80.734694 8.244947 5225632 16.352 16.335 16.304 15.578
  5231367 16.414 0.106 1.003 0.14  2.457 0.128 80.806978 8.22149  0.1458 0.4031 3.585   -1.764  80.806978 8.22149  5231367 17.783 17.75  17.295 16.819
  5231475 14.614 0.027 0.511 0.038 1.546 0.043 80.811479 7.895989 0.2603 0.122  1.559   -2.106  80.811475 8.194225 5231475 17.471 17.451 16.936 16.42 
  5230407 14.317 0.023 0.539 0.032 1.618 0.036 80.766992 8.200543 0.3309 0.1271 3.32    -5.848  80.766992 8.200543 5230407 16.928 16.927 16.611 15.952
  5232858 15.027 0.04  0.583 0.053 1.707 0.059 80.869115 8.234035 0.5504 0.1924 2.117   -3.332  80.869115 8.234035 5232858 17.807 17.739 18.074 17.606
  5233405 14.326 0.022 0.635 0.029 1.693 0.032 80.891879 8.228326 0.7436 0.1446 3.041   -5.03   80.891875 8.640765 5233405 18.42  18.252 18.366 17.338
  5224657 15.78  0.071 0.859 0.09  2.1   0.089 80.694047 8.264087 0.662  0.245  1.093   -0.863  80.694047 8.264087 5224657 17.808 17.655 17.424 16.91 
  5230602 14.946 0.034 0.478 0.051 1.552 0.056 80.775107 8.280293 0.2938 0.208  -0.628  -0.915  80.775107 8.280293 5230602 18.046 18.024 17.8   17.25 
  5231936 14.009 0.018 0.547 0.025 1.613 0.026 80.830683 8.273995 0.5404 0.1361 2.283   -0.058  80.830683 8.273995 5231936 16.979 16.946 16.887 16.216
  5232155 15.609 0.067 0.84  0.08  1.877 0.089 80.839814 8.266932 0.3308 0.2847 0.849   -1.182  80.839825 8.807001 5232155 18.16  18.06  18.084 17.152
  5233340 14.299 0.049 0.375 0.07  1.318 0.091 80.889207 8.270438 0.4216 0.1287 1.064   -1.441  80.889207 8.270438 5233340 17.553 17.551 16.804 16.298
